phi,n,function,TFLOPS,total_time[sec],scaling,low_prec_gemm,mod_hi2mid,undo_scaling,
-1.000000,1024,OS2-i8-fast-9,3.944912e+00,3.629120e-04,7.016000e-05,2.086400e-04,5.172800e-05,1.020800e-05,
-1.000000,1024,OS2-i8-fast-10,3.539637e+00,4.044640e-04,7.387200e-05,2.385600e-04,5.872000e-05,1.027200e-05,
-1.000000,1024,OS2-i8-fast-11,3.428426e+00,4.175840e-04,7.742400e-05,2.405440e-04,6.348800e-05,1.225600e-05,
-1.000000,1024,OS2-i8-fast-12,3.126760e+00,4.578720e-04,8.115200e-05,2.694240e-04,6.913600e-05,1.225600e-05,
-1.000000,1024,OS2-i8-fast-13,3.059094e+00,4.680000e-04,8.569600e-05,2.712320e-04,7.281600e-05,1.225600e-05,
-1.000000,1024,OS2-i8-fast-14,2.995096e+00,4.780000e-04,9.030400e-05,2.727680e-04,7.651200e-05,1.225600e-05,
-1.000000,1024,OS2-i8-fast-15,2.750138e+00,5.205760e-04,9.536000e-05,3.021760e-04,8.291200e-05,1.228800e-05,
-1.000000,1024,OS2-i8-fast-16,2.573884e+00,5.562240e-04,1.241280e-04,3.046560e-04,8.507200e-05,1.433600e-05,
-1.000000,1024,OS2-i8-fast-17,2.510549e+00,5.702560e-04,1.320640e-04,3.050400e-04,8.940800e-05,1.430400e-05,
-1.000000,1024,OS2-i8-fast-18,2.335826e+00,6.129120e-04,1.388480e-04,3.334080e-04,9.595200e-05,1.430400e-05,
-1.000000,1024,OS2-i8-fast-19,2.275590e+00,6.291360e-04,1.465760e-04,3.380640e-04,9.846400e-05,1.430400e-05,
-1.000000,1024,OS2-i8-fast-20,2.236291e+00,6.401920e-04,1.560000e-04,3.367040e-04,1.011680e-04,1.430400e-05,
-1.000000,1024,OS2-i8-accu-9,3.525690e+00,4.060640e-04,1.125280e-04,2.075680e-04,5.248000e-05,1.020800e-05,
-1.000000,1024,OS2-i8-accu-10,3.212872e+00,4.456000e-04,1.143520e-04,2.384000e-04,5.862400e-05,1.030400e-05,
-1.000000,1024,OS2-i8-accu-11,3.110132e+00,4.603200e-04,1.197600e-04,2.404160e-04,6.347200e-05,1.225600e-05,
-1.000000,1024,OS2-i8-accu-12,2.863311e+00,5.000000e-04,1.225280e-04,2.691200e-04,7.012800e-05,1.225600e-05,
-1.000000,1024,OS2-i8-accu-13,2.815117e+00,5.085600e-04,1.257760e-04,2.711520e-04,7.315200e-05,1.225600e-05,
-1.000000,1024,OS2-i8-accu-14,2.753947e+00,5.198560e-04,1.297760e-04,2.731680e-04,7.731200e-05,1.225600e-05,
-1.000000,1024,OS2-i8-accu-15,2.559380e+00,5.593760e-04,1.320640e-04,3.023360e-04,8.390400e-05,1.232000e-05,
-1.000000,1024,OS2-i8-accu-16,2.464972e+00,5.808000e-04,1.475840e-04,3.038400e-04,8.628800e-05,1.433600e-05,
-1.000000,1024,OS2-i8-accu-17,2.418730e+00,5.919040e-04,1.526720e-04,3.045440e-04,9.020800e-05,1.430400e-05,
-1.000000,1024,OS2-i8-accu-18,2.256822e+00,6.343680e-04,1.580800e-04,3.353120e-04,9.644800e-05,1.430400e-05,
-1.000000,1024,OS2-i8-accu-19,2.216240e+00,6.459840e-04,1.635680e-04,3.387680e-04,9.811200e-05,1.430400e-05,
-1.000000,1024,OS2-i8-accu-20,2.190952e+00,6.534400e-04,1.685120e-04,3.363360e-04,1.013120e-04,1.430400e-05,
-1.000000,1024,OS2-f8-fast-9,2.588627e+00,5.530560e-04,1.100800e-04,3.325440e-04,7.692800e-05,1.020800e-05,
-1.000000,1024,OS2-f8-fast-10,2.415922e+00,5.925920e-04,1.257760e-04,3.481920e-04,8.358400e-05,1.030400e-05,
-1.000000,1024,OS2-f8-fast-11,2.190898e+00,6.534560e-04,1.392160e-04,3.847040e-04,9.284800e-05,1.225600e-05,
-1.000000,1024,OS2-f8-fast-12,2.051036e+00,6.980160e-04,1.613760e-04,3.989280e-04,9.904000e-05,1.225600e-05,
-1.000000,1024,OS2-f8-fast-13,1.495645e+00,9.572160e-04,3.744960e-04,4.353920e-04,1.070400e-04,1.225600e-05,
-1.000000,1024,OS2-f8-fast-14,1.415239e+00,1.011600e-03,4.076160e-04,4.502080e-04,1.127520e-04,1.227200e-05,
-1.000000,1024,OS2-f8-fast-15,1.309141e+00,1.093584e-03,4.391840e-04,4.871840e-04,1.229280e-04,1.433600e-05,
-1.000000,1024,OS2-f8-fast-16,1.245334e+00,1.149616e-03,4.737440e-04,5.039680e-04,1.289760e-04,1.433600e-05,
-1.000000,1024,OS2-f8-fast-17,1.163252e+00,1.230736e-03,5.068640e-04,5.411520e-04,1.375520e-04,1.430400e-05,
-1.000000,1024,OS2-f8-fast-18,1.119167e+00,1.279216e-03,5.333600e-04,5.559680e-04,1.435360e-04,1.430400e-05,
-1.000000,1024,OS2-f8-fast-19,1.061858e+00,1.348256e-03,5.645440e-04,5.850880e-04,1.503040e-04,1.430400e-05,
-1.000000,1024,OS2-f8-fast-20,1.004496e+00,1.425248e-03,5.956480e-04,6.203040e-04,1.585600e-04,1.638400e-05,
-1.000000,1024,OS2-f8-accu-9,2.532721e+00,5.652640e-04,1.213280e-04,3.328000e-04,7.792000e-05,1.020800e-05,
-1.000000,1024,OS2-f8-accu-10,2.397216e+00,5.972160e-04,1.296960e-04,3.475680e-04,8.412800e-05,1.129600e-05,
-1.000000,1024,OS2-f8-accu-11,2.183574e+00,6.556480e-04,1.404960e-04,3.849600e-04,9.260800e-05,1.225600e-05,
-1.000000,1024,OS2-f8-accu-12,2.079396e+00,6.884960e-04,1.498880e-04,3.988960e-04,1.009440e-04,1.225600e-05,
-1.000000,1024,OS2-f8-accu-13,1.884154e+00,7.598400e-04,1.724320e-04,4.384640e-04,1.092000e-04,1.225600e-05,
-1.000000,1024,OS2-f8-accu-14,1.810646e+00,7.906880e-04,1.821600e-04,4.519680e-04,1.154880e-04,1.228800e-05,
-1.000000,1024,OS2-f8-accu-15,1.689676e+00,8.472960e-04,1.905760e-04,4.894400e-04,1.240800e-04,1.433600e-05,
-1.000000,1024,OS2-f8-accu-16,1.627829e+00,8.794880e-04,1.994560e-04,5.040800e-04,1.305440e-04,1.433600e-05,
-1.000000,1024,OS2-f8-accu-17,1.532061e+00,9.344640e-04,2.077280e-04,5.427040e-04,1.379680e-04,1.430400e-05,
-1.000000,1024,OS2-f8-accu-18,1.484800e+00,9.642080e-04,2.156640e-04,5.560000e-04,1.457280e-04,1.430400e-05,
-1.000000,1024,OS2-f8-accu-19,1.414836e+00,1.011888e-03,2.255520e-04,5.861440e-04,1.508160e-04,1.430400e-05,
-1.000000,1024,OS2-f8-accu-20,1.336437e+00,1.071248e-03,2.348480e-04,6.247840e-04,1.609600e-04,1.638400e-05,
-1.000000,1024,OS1-6,6.751055e+00,2.120640e-04,,,,,
-1.000000,1024,OS1-7,6.153107e+00,2.326720e-04,,,,,
-1.000000,1024,OS1-8,5.599755e+00,2.556640e-04,,,,,
-1.000000,1024,OS1-9,5.128001e+00,2.791840e-04,,,,,
-1.000000,1024,ZTRTRMM (GEMM),5.570125e+00,2.570240e-04,,,,,
-1.000000,2048,OS2-i8-fast-9,1.859293e+01,6.160000e-04,1.717120e-04,3.087360e-04,8.515200e-05,2.664000e-05,
-1.000000,2048,OS2-i8-fast-10,1.688871e+01,6.781600e-04,1.835520e-04,3.473920e-04,9.552000e-05,2.864000e-05,
-1.000000,2048,OS2-i8-fast-11,1.593491e+01,7.187520e-04,1.952960e-04,3.660000e-04,1.023360e-04,3.072000e-05,
-1.000000,2048,OS2-i8-fast-12,1.465809e+01,7.813600e-04,2.075520e-04,4.041920e-04,1.124480e-04,3.078400e-05,
-1.000000,2048,OS2-i8-fast-13,1.391010e+01,8.233760e-04,2.204960e-04,4.232800e-04,1.209600e-04,3.276800e-05,
-1.000000,2048,OS2-i8-fast-14,1.324724e+01,8.645760e-04,2.331200e-04,4.421440e-04,1.270880e-04,3.481600e-05,
-1.000000,2048,OS2-i8-fast-15,1.230600e+01,9.307040e-04,2.470400e-04,4.827840e-04,1.380480e-04,3.481600e-05,
-1.000000,2048,OS2-i8-fast-16,1.099514e+01,1.041664e-03,3.281760e-04,5.019360e-04,1.458720e-04,3.686400e-05,
-1.000000,2048,OS2-i8-fast-17,1.060800e+01,1.079680e-03,3.401440e-04,5.173280e-04,1.530240e-04,3.891200e-05,
-1.000000,2048,OS2-i8-fast-18,9.946890e+00,1.151440e-03,3.614400e-04,5.570880e-04,1.632960e-04,3.891200e-05,
-1.000000,2048,OS2-i8-fast-19,9.634811e+00,1.188736e-03,3.719360e-04,5.722560e-04,1.717440e-04,4.096000e-05,
-1.000000,2048,OS2-i8-fast-20,9.331976e+00,1.227312e-03,3.809760e-04,5.918080e-04,1.797600e-04,4.300800e-05,
-1.000000,2048,OS2-i8-accu-9,1.690466e+01,6.775200e-04,2.328960e-04,3.092480e-04,8.465600e-05,2.665600e-05,
-1.000000,2048,OS2-i8-accu-10,1.550015e+01,7.389120e-04,2.429440e-04,3.483040e-04,9.528000e-05,2.867200e-05,
-1.000000,2048,OS2-i8-accu-11,1.477396e+01,7.752320e-04,2.514880e-04,3.666880e-04,1.022560e-04,3.072000e-05,
-1.000000,2048,OS2-i8-accu-12,1.368591e+01,8.368640e-04,2.610720e-04,4.057760e-04,1.125120e-04,3.276800e-05,
-1.000000,2048,OS2-i8-accu-13,1.304850e+01,8.777440e-04,2.725440e-04,4.250720e-04,1.209600e-04,3.276800e-05,
-1.000000,2048,OS2-i8-accu-14,1.253859e+01,9.134400e-04,2.819200e-04,4.412960e-04,1.278080e-04,3.481600e-05,
-1.000000,2048,OS2-i8-accu-15,1.172873e+01,9.765120e-04,2.931200e-04,4.818720e-04,1.381120e-04,3.481600e-05,
-1.000000,2048,OS2-i8-accu-16,1.081164e+01,1.059344e-03,3.462720e-04,5.000000e-04,1.467680e-04,3.686400e-05,
-1.000000,2048,OS2-i8-accu-17,1.048494e+01,1.092352e-03,3.545280e-04,5.161760e-04,1.530400e-04,3.894400e-05,
-1.000000,2048,OS2-i8-accu-18,9.861382e+00,1.161424e-03,3.737760e-04,5.552480e-04,1.633760e-04,3.891200e-05,
-1.000000,2048,OS2-i8-accu-19,9.579112e+00,1.195648e-03,3.781760e-04,5.725120e-04,1.717440e-04,4.096000e-05,
-1.000000,2048,OS2-i8-accu-20,9.248900e+00,1.238336e-03,3.926080e-04,5.904800e-04,1.795680e-04,4.300800e-05,
-1.000000,2048,OS2-f8-fast-9,8.309087e+00,1.378400e-03,2.997600e-04,8.570880e-04,1.676480e-04,2.867200e-05,
-1.000000,2048,OS2-f8-fast-10,7.719069e+00,1.483760e-03,3.343360e-04,9.097440e-04,1.855520e-04,2.864000e-05,
-1.000000,2048,OS2-f8-fast-11,6.983278e+00,1.640096e-03,3.685120e-04,1.007840e-03,2.051200e-04,3.276800e-05,
-1.000000,2048,OS2-f8-fast-12,6.480778e+00,1.767264e-03,4.246720e-04,1.060432e-03,2.237920e-04,3.273600e-05,
-1.000000,2048,OS2-f8-fast-13,4.817114e+00,2.377616e-03,9.192800e-04,1.154432e-03,2.428640e-04,3.478400e-05,
-1.000000,2048,OS2-f8-fast-14,4.528693e+00,2.529040e-03,1.003328e-03,1.202496e-03,2.601760e-04,3.478400e-05,
-1.000000,2048,OS2-f8-fast-15,4.182166e+00,2.738592e-03,1.088896e-03,1.306208e-03,2.772480e-04,3.686400e-05,
-1.000000,2048,OS2-f8-fast-16,3.947566e+00,2.901344e-03,1.182992e-03,1.353248e-03,2.959040e-04,3.891200e-05,
-1.000000,2048,OS2-f8-fast-17,3.684137e+00,3.108800e-03,1.273168e-03,1.451136e-03,3.131520e-04,3.889600e-05,
-1.000000,2048,OS2-f8-fast-18,3.518239e+00,3.255392e-03,1.348784e-03,1.498640e-03,3.335040e-04,4.092800e-05,
-1.000000,2048,OS2-f8-fast-19,3.318289e+00,3.451552e-03,1.429424e-03,1.595344e-03,3.507360e-04,4.300800e-05,
-1.000000,2048,OS2-f8-fast-20,3.147049e+00,3.639360e-03,1.512704e-03,1.676928e-03,3.699040e-04,4.505600e-05,
-1.000000,2048,OS2-f8-accu-9,8.161024e+00,1.403408e-03,3.262240e-04,8.553440e-04,1.684320e-04,2.867200e-05,
-1.000000,2048,OS2-f8-accu-10,7.634520e+00,1.500192e-03,3.518560e-04,9.085280e-04,1.846720e-04,2.864000e-05,
-1.000000,2048,OS2-f8-accu-11,6.950460e+00,1.647840e-03,3.782880e-04,1.007424e-03,2.022720e-04,3.276800e-05,
-1.000000,2048,OS2-f8-accu-12,6.563374e+00,1.745024e-03,4.038720e-04,1.058496e-03,2.232640e-04,3.273600e-05,
-1.000000,2048,OS2-f8-accu-13,5.874375e+00,1.949696e-03,4.912480e-04,1.153888e-03,2.412160e-04,3.478400e-05,
-1.000000,2048,OS2-f8-accu-14,5.588432e+00,2.049456e-03,5.240320e-04,1.200976e-03,2.605120e-04,3.478400e-05,
-1.000000,2048,OS2-f8-accu-15,5.199592e+00,2.202720e-03,5.571040e-04,1.301152e-03,2.786400e-04,3.686400e-05,
-1.000000,2048,OS2-f8-accu-16,4.966716e+00,2.306000e-03,5.914080e-04,1.348304e-03,2.962240e-04,3.891200e-05,
-1.000000,2048,OS2-f8-accu-17,4.666627e+00,2.454288e-03,6.197760e-04,1.446400e-03,3.154080e-04,3.888000e-05,
-1.000000,2048,OS2-f8-accu-18,4.481066e+00,2.555920e-03,6.539360e-04,1.493728e-03,3.341120e-04,4.092800e-05,
-1.000000,2048,OS2-f8-accu-19,4.228587e+00,2.708528e-03,6.896960e-04,1.589920e-03,3.528800e-04,4.297600e-05,
-1.000000,2048,OS2-f8-accu-20,3.982397e+00,2.875968e-03,7.490240e-04,1.673056e-03,3.734560e-04,4.505600e-05,
-1.000000,2048,OS1-6,1.408916e+01,8.129120e-04,,,,,
-1.000000,2048,OS1-7,1.184714e+01,9.667520e-04,,,,,
-1.000000,2048,OS1-8,1.007953e+01,1.136288e-03,,,,,
-1.000000,2048,OS1-9,8.617788e+00,1.329024e-03,,,,,
-1.000000,2048,ZTRTRMM (GEMM),6.314977e+00,1.813664e-03,,,,,
-1.000000,4096,OS2-i8-fast-9,5.124495e+01,1.788000e-03,4.829760e-04,9.635360e-04,2.269440e-04,9.011200e-05,
-1.000000,4096,OS2-i8-fast-10,4.712417e+01,1.944352e-03,5.234080e-04,1.050768e-03,2.514560e-04,9.420800e-05,
-1.000000,4096,OS2-i8-fast-11,4.302303e+01,2.129696e-03,5.661760e-04,1.158960e-03,2.774880e-04,1.003520e-04,
-1.000000,4096,OS2-i8-fast-12,4.003540e+01,2.288624e-03,6.091840e-04,1.246224e-03,3.016800e-04,1.044480e-04,
-1.000000,4096,OS2-i8-fast-13,3.709577e+01,2.469984e-03,6.513120e-04,1.354496e-03,3.275360e-04,1.085760e-04,
-1.000000,4096,OS2-i8-fast-14,3.489524e+01,2.625744e-03,6.938240e-04,1.439888e-03,3.516000e-04,1.105920e-04,
-1.000000,4096,OS2-i8-fast-15,3.287875e+01,2.786784e-03,7.376000e-04,1.527680e-03,3.759840e-04,1.146880e-04,
-1.000000,4096,OS2-i8-fast-16,2.902113e+01,3.157216e-03,9.685920e-04,1.635712e-03,4.020320e-04,1.188160e-04,
-1.000000,4096,OS2-i8-fast-17,2.746819e+01,3.335712e-03,1.028080e-03,1.723424e-03,4.260480e-04,1.249280e-04,
-1.000000,4096,OS2-i8-fast-18,2.616139e+01,3.502336e-03,1.083296e-03,1.808224e-03,4.496320e-04,1.290400e-04,
-1.000000,4096,OS2-i8-fast-19,2.473853e+01,3.703776e-03,1.144304e-03,1.915568e-03,4.768480e-04,1.331200e-04,
-1.000000,4096,OS2-i8-fast-20,2.393783e+01,3.827664e-03,1.153136e-03,2.000768e-03,5.012800e-04,1.372480e-04,
-1.000000,4096,OS2-i8-accu-9,4.555460e+01,2.011344e-03,7.068640e-04,9.625600e-04,2.269120e-04,9.014400e-05,
-1.000000,4096,OS2-i8-accu-10,4.236263e+01,2.162896e-03,7.428320e-04,1.049136e-03,2.520960e-04,9.420800e-05,
-1.000000,4096,OS2-i8-accu-11,3.915104e+01,2.340320e-03,7.775520e-04,1.158944e-03,2.775520e-04,1.003520e-04,
-1.000000,4096,OS2-i8-accu-12,3.674469e+01,2.493584e-03,8.147840e-04,1.245056e-03,3.016960e-04,1.044480e-04,
-1.000000,4096,OS2-i8-accu-13,3.435905e+01,2.666720e-03,8.492960e-04,1.353232e-03,3.273920e-04,1.085440e-04,
-1.000000,4096,OS2-i8-accu-14,3.252820e+01,2.816816e-03,8.847360e-04,1.439344e-03,3.517760e-04,1.105920e-04,
-1.000000,4096,OS2-i8-accu-15,3.082973e+01,2.972000e-03,9.253120e-04,1.525968e-03,3.755360e-04,1.146880e-04,
-1.000000,4096,OS2-i8-accu-16,2.807664e+01,3.263424e-03,1.075056e-03,1.634320e-03,4.025760e-04,1.187840e-04,
-1.000000,4096,OS2-i8-accu-17,2.673481e+01,3.427216e-03,1.124560e-03,1.720816e-03,4.255680e-04,1.249280e-04,
-1.000000,4096,OS2-i8-accu-18,2.556893e+01,3.583488e-03,1.169712e-03,1.803904e-03,4.500160e-04,1.270400e-04,
-1.000000,4096,OS2-i8-accu-19,2.425538e+01,3.777552e-03,1.218448e-03,1.913568e-03,4.769600e-04,1.331200e-04,
-1.000000,4096,OS2-i8-accu-20,2.327044e+01,3.937440e-03,1.263616e-03,2.000928e-03,5.012960e-04,1.372480e-04,
-1.000000,4096,OS2-f8-fast-9,2.227313e+01,4.113744e-03,9.454400e-04,2.517696e-03,5.300160e-04,9.624000e-05,
-1.000000,4096,OS2-f8-fast-10,2.000036e+01,4.581216e-03,1.070416e-03,2.799888e-03,5.852160e-04,9.827200e-05,
-1.000000,4096,OS2-f8-fast-11,1.830171e+01,5.006416e-03,1.195296e-03,3.038000e-03,6.355520e-04,1.085440e-04,
-1.000000,4096,OS2-f8-fast-12,1.644428e+01,5.571904e-03,1.407024e-03,3.322016e-03,7.028320e-04,1.126400e-04,
-1.000000,4096,OS2-f8-fast-13,1.289368e+01,7.106272e-03,2.664336e-03,3.555904e-03,7.432640e-04,1.146560e-04,
-1.000000,4096,OS2-f8-fast-14,1.185815e+01,7.726832e-03,2.936112e-03,3.833904e-03,8.076160e-04,1.187520e-04,
-1.000000,4096,OS2-f8-fast-15,1.104481e+01,8.295840e-03,3.210400e-03,4.070224e-03,8.601440e-04,1.228480e-04,
-1.000000,4096,OS2-f8-fast-16,1.027320e+01,8.918928e-03,3.486208e-03,4.351888e-03,9.175040e-04,1.289920e-04,
-1.000000,4096,OS2-f8-fast-17,9.644498e+00,9.500336e-03,3.773760e-03,4.584208e-03,9.754240e-04,1.331200e-04,
-1.000000,4096,OS2-f8-fast-18,9.070656e+00,1.010136e-02,4.031040e-03,4.864960e-03,1.031488e-03,1.371840e-04,
-1.000000,4096,OS2-f8-fast-19,8.592005e+00,1.066410e-02,4.300016e-03,5.102080e-03,1.080192e-03,1.433600e-04,
-1.000000,4096,OS2-f8-fast-20,8.111881e+00,1.129528e-02,4.594336e-03,5.383024e-03,1.134000e-03,1.474240e-04,
-1.000000,4096,OS2-f8-accu-9,2.136760e+01,4.288080e-03,1.117296e-03,2.518272e-03,5.304000e-04,9.520000e-05,
-1.000000,4096,OS2-f8-accu-10,1.935703e+01,4.733472e-03,1.221968e-03,2.799472e-03,5.848480e-04,9.828800e-05,
-1.000000,4096,OS2-f8-accu-11,1.785753e+01,5.130944e-03,1.321088e-03,3.036416e-03,6.355360e-04,1.085440e-04,
-1.000000,4096,OS2-f8-accu-12,1.636940e+01,5.597392e-03,1.430640e-03,3.320384e-03,7.022880e-04,1.126400e-04,
-1.000000,4096,OS2-f8-accu-13,1.477255e+01,6.202448e-03,1.755504e-03,3.558272e-03,7.431840e-04,1.146560e-04,
-1.000000,4096,OS2-f8-accu-14,1.371653e+01,6.679968e-03,1.887792e-03,3.833408e-03,8.078240e-04,1.187520e-04,
-1.000000,4096,OS2-f8-accu-15,1.291144e+01,7.096496e-03,2.017008e-03,4.064192e-03,8.597120e-04,1.228480e-04,
-1.000000,4096,OS2-f8-accu-16,1.209506e+01,7.575488e-03,2.145984e-03,4.347728e-03,9.169760e-04,1.289920e-04,
-1.000000,4096,OS2-f8-accu-17,1.144416e+01,8.006352e-03,2.275664e-03,4.586224e-03,9.759520e-04,1.330880e-04,
-1.000000,4096,OS2-f8-accu-18,1.079352e+01,8.488976e-03,2.414816e-03,4.867648e-03,1.031920e-03,1.382080e-04,
-1.000000,4096,OS2-f8-accu-19,1.025448e+01,8.935216e-03,2.567408e-03,5.106880e-03,1.079376e-03,1.433600e-04,
-1.000000,4096,OS2-f8-accu-20,9.651796e+00,9.493152e-03,2.781360e-03,5.387280e-03,1.134736e-03,1.474560e-04,
-1.000000,4096,OS1-6,2.228536e+01,4.111488e-03,,,,,
-1.000000,4096,OS1-7,1.783162e+01,5.138400e-03,,,,,
-1.000000,4096,OS1-8,1.453535e+01,6.303664e-03,,,,,
-1.000000,4096,OS1-9,1.196799e+01,7.655920e-03,,,,,
-1.000000,4096,ZTRTRMM (GEMM),6.557482e+00,1.397274e-02,,,,,
-1.000000,8192,OS2-i8-fast-9,1.178812e+02,6.218192e-03,1.616784e-03,3.529344e-03,7.115840e-04,3.358400e-04,
-1.000000,8192,OS2-i8-fast-10,1.073115e+02,6.830656e-03,1.763968e-03,3.903088e-03,7.855360e-04,3.522560e-04,
-1.000000,8192,OS2-i8-fast-11,9.784939e+01,7.491184e-03,1.920656e-03,4.297504e-03,8.671680e-04,3.768320e-04,
-1.000000,8192,OS2-i8-fast-12,9.045137e+01,8.103888e-03,2.095136e-03,4.654896e-03,9.344960e-04,3.890880e-04,
-1.000000,8192,OS2-i8-fast-13,8.377400e+01,8.749824e-03,2.251056e-03,5.049104e-03,1.016672e-03,4.034240e-04,
-1.000000,8192,OS2-i8-fast-14,7.832966e+01,9.357984e-03,2.404624e-03,5.421856e-03,1.085088e-03,4.157120e-04,
-1.000000,8192,OS2-i8-fast-15,7.332717e+01,9.996400e-03,2.578704e-03,5.794544e-03,1.161088e-03,4.300480e-04,
-1.000000,8192,OS2-i8-fast-16,6.483783e+01,1.130525e-02,3.387040e-03,6.188672e-03,1.247936e-03,4.485120e-04,
-1.000000,8192,OS2-i8-fast-17,6.129188e+01,1.195930e-02,3.609744e-03,6.523680e-03,1.321792e-03,4.710080e-04,
-1.000000,8192,OS2-i8-fast-18,5.802932e+01,1.263168e-02,3.826032e-03,6.895424e-03,1.396560e-03,4.803040e-04,
-1.000000,8192,OS2-i8-fast-19,5.497105e+01,1.333443e-02,4.047024e-03,7.276352e-03,1.476208e-03,4.997120e-04,
-1.000000,8192,OS2-i8-fast-20,5.306710e+01,1.381285e-02,4.076400e-03,7.638560e-03,1.549584e-03,5.120000e-04,
-1.000000,8192,OS2-i8-accu-9,1.025941e+02,7.144736e-03,2.539872e-03,3.532896e-03,7.118240e-04,3.358240e-04,
-1.000000,8192,OS2-i8-accu-10,9.468584e+01,7.741472e-03,2.674528e-03,3.902880e-03,7.853600e-04,3.522560e-04,
-1.000000,8192,OS2-i8-accu-11,8.745873e+01,8.381184e-03,2.811600e-03,4.296704e-03,8.677120e-04,3.768320e-04,
-1.000000,8192,OS2-i8-accu-12,8.163863e+01,8.978688e-03,2.953776e-03,4.672352e-03,9.347520e-04,3.891200e-04,
-1.000000,8192,OS2-i8-accu-13,7.661252e+01,9.567728e-03,3.098592e-03,5.020352e-03,1.016672e-03,4.034560e-04,
-1.000000,8192,OS2-i8-accu-14,7.210987e+01,1.016515e-02,3.243072e-03,5.389824e-03,1.085312e-03,4.157280e-04,
-1.000000,8192,OS2-i8-accu-15,6.805630e+01,1.077061e-02,3.389744e-03,5.758400e-03,1.160128e-03,4.300480e-04,
-1.000000,8192,OS2-i8-accu-16,6.188677e+01,1.184434e-02,3.969568e-03,6.145600e-03,1.248768e-03,4.485120e-04,
-1.000000,8192,OS2-i8-accu-17,5.862441e+01,1.250346e-02,4.163584e-03,6.514480e-03,1.322112e-03,4.710080e-04,
-1.000000,8192,OS2-i8-accu-18,5.579716e+01,1.313701e-02,4.340816e-03,6.884896e-03,1.396240e-03,4.812800e-04,
-1.000000,8192,OS2-i8-accu-19,5.281097e+01,1.387984e-02,4.525584e-03,7.340672e-03,1.478352e-03,4.997120e-04,
-1.000000,8192,OS2-i8-accu-20,5.048825e+01,1.451838e-02,4.707552e-03,7.710480e-03,1.551264e-03,5.120000e-04,
-1.000000,8192,OS2-f8-fast-9,4.847253e+01,1.512213e-02,3.469776e-03,9.474688e-03,1.786784e-03,3.522240e-04,
-1.000000,8192,OS2-f8-fast-10,4.340283e+01,1.688848e-02,3.999936e-03,1.049915e-02,1.991104e-03,3.665600e-04,
-1.000000,8192,OS2-f8-fast-11,3.922143e+01,1.868896e-02,4.565248e-03,1.151461e-02,2.178080e-03,4.013760e-04,
-1.000000,8192,OS2-f8-fast-12,3.545482e+01,2.067442e-02,5.341024e-03,1.252874e-02,2.375120e-03,4.136640e-04,
-1.000000,8192,OS2-f8-fast-13,2.888290e+01,2.537861e-02,8.891040e-03,1.344891e-02,2.572080e-03,4.280000e-04,
-1.000000,8192,OS2-f8-fast-14,2.655868e+01,2.759955e-02,9.866496e-03,1.449421e-02,2.761696e-03,4.433600e-04,
-1.000000,8192,OS2-f8-fast-15,2.452916e+01,2.988312e-02,1.085755e-02,1.556786e-02,2.971968e-03,4.566720e-04,
-1.000000,8192,OS2-f8-fast-16,2.283496e+01,3.210024e-02,1.183042e-02,1.660891e-02,3.134160e-03,4.792320e-04,
-1.000000,8192,OS2-f8-fast-17,2.137487e+01,3.429296e-02,1.280536e-02,1.760787e-02,3.348448e-03,4.935360e-04,
-1.000000,8192,OS2-f8-fast-18,2.009850e+01,3.647077e-02,1.371008e-02,1.868792e-02,3.514656e-03,5.160960e-04,
-1.000000,8192,OS2-f8-fast-19,1.894414e+01,3.869311e-02,1.468269e-02,1.972798e-02,3.713312e-03,5.345280e-04,
-1.000000,8192,OS2-f8-fast-20,1.789915e+01,4.095210e-02,1.566011e-02,2.080187e-02,3.903296e-03,5.549760e-04,
-1.000000,8192,OS2-f8-accu-9,4.608804e+01,1.590451e-02,4.261920e-03,9.467376e-03,1.786848e-03,3.522240e-04,
-1.000000,8192,OS2-f8-accu-10,4.149964e+01,1.766299e-02,4.723968e-03,1.054630e-02,1.990400e-03,3.665600e-04,
-1.000000,8192,OS2-f8-accu-11,3.781157e+01,1.938581e-02,5.226976e-03,1.155744e-02,2.178240e-03,4.013760e-04,
-1.000000,8192,OS2-f8-accu-12,3.477166e+01,2.108061e-02,5.699360e-03,1.255736e-02,2.374128e-03,4.142240e-04,
-1.000000,8192,OS2-f8-accu-13,3.109661e+01,2.357195e-02,6.911792e-03,1.357765e-02,2.571904e-03,4.290560e-04,
-1.000000,8192,OS2-f8-accu-14,2.893677e+01,2.533136e-02,7.470016e-03,1.460504e-02,2.761360e-03,4.433600e-04,
-1.000000,8192,OS2-f8-accu-15,2.710441e+01,2.704386e-02,8.029552e-03,1.552619e-02,2.971008e-03,4.566720e-04,
-1.000000,8192,OS2-f8-accu-16,2.544053e+01,2.881259e-02,8.587232e-03,1.654989e-02,3.134512e-03,4.792320e-04,
-1.000000,8192,OS2-f8-accu-17,2.396240e+01,3.058992e-02,9.150288e-03,1.753795e-02,3.348304e-03,4.935680e-04,
-1.000000,8192,OS2-f8-accu-18,2.258416e+01,3.245672e-02,9.713792e-03,1.863245e-02,3.514064e-03,5.160960e-04,
-1.000000,8192,OS2-f8-accu-19,2.142169e+01,3.421802e-02,1.031117e-02,1.958982e-02,3.714256e-03,5.345280e-04,
-1.000000,8192,OS2-f8-accu-20,2.025741e+01,3.618467e-02,1.093795e-02,2.072648e-02,3.903984e-03,5.550080e-04,
-1.000000,8192,OS1-6,2.677570e+01,2.737586e-02,,,,,
-1.000000,8192,OS1-7,1.893079e+01,3.872040e-02,,,,,
-1.000000,8192,OS1-8,1.460832e+01,5.017741e-02,,,,,
-1.000000,8192,OS1-9,1.147983e+01,6.385179e-02,,,,,
-1.000000,8192,ZTRTRMM (GEMM),6.600424e+00,1.110546e-01,,,,,
-1.000000,16384,OS2-i8-fast-9,2.060567e+02,2.845848e-02,6.279888e-03,1.821098e-02,2.624368e-03,1.341440e-03,
-1.000000,16384,OS2-i8-fast-10,1.856362e+02,3.158899e-02,6.983008e-03,2.026710e-02,2.920176e-03,1.404416e-03,
-1.000000,16384,OS2-i8-fast-11,1.696181e+02,3.457214e-02,7.716256e-03,2.215603e-02,3.208096e-03,1.516560e-03,
-1.000000,16384,OS2-i8-fast-12,1.549941e+02,3.783410e-02,8.565360e-03,2.419235e-02,3.507056e-03,1.549296e-03,
-1.000000,16384,OS2-i8-fast-13,1.427952e+02,4.106624e-02,9.382176e-03,2.625202e-02,3.798816e-03,1.655808e-03,
-1.000000,16384,OS2-i8-fast-14,1.311068e+02,4.472738e-02,1.034789e-02,2.847163e-02,4.109872e-03,1.731600e-03,
-1.000000,16384,OS2-i8-fast-15,1.227975e+02,4.775390e-02,1.114749e-02,3.033530e-02,4.379840e-03,1.820176e-03,
-1.000000,16384,OS2-i8-fast-16,1.119923e+02,5.236128e-02,1.425142e-02,3.161504e-02,4.630384e-03,1.871376e-03,
-1.000000,16384,OS2-i8-fast-17,1.048240e+02,5.594195e-02,1.537398e-02,3.356974e-02,4.907312e-03,1.983504e-03,
-1.000000,16384,OS2-i8-fast-18,9.899009e+01,5.923888e-02,1.638555e-02,3.554678e-02,5.188320e-03,2.035728e-03,
-1.000000,16384,OS2-i8-fast-19,9.347857e+01,6.273162e-02,1.727565e-02,3.765723e-02,5.491536e-03,2.114560e-03,
-1.000000,16384,OS2-i8-fast-20,9.015882e+01,6.504147e-02,1.757405e-02,3.935776e-02,5.760608e-03,2.177520e-03,
-1.000000,16384,OS2-i8-accu-9,1.804106e+02,3.250398e-02,1.057613e-02,1.794813e-02,2.609008e-03,1.326048e-03,
-1.000000,16384,OS2-i8-accu-10,1.644904e+02,3.564987e-02,1.129198e-02,1.996923e-02,2.903408e-03,1.391104e-03,
-1.000000,16384,OS2-i8-accu-11,1.515340e+02,3.869798e-02,1.196187e-02,2.191952e-02,3.191776e-03,1.500192e-03,
-1.000000,16384,OS2-i8-accu-12,1.391919e+02,4.212934e-02,1.289152e-02,2.411445e-02,3.496800e-03,1.560560e-03,
-1.000000,16384,OS2-i8-accu-13,1.284407e+02,4.565578e-02,1.381394e-02,2.626843e-02,3.808608e-03,1.656320e-03,
-1.000000,16384,OS2-i8-accu-14,1.205697e+02,4.863629e-02,1.461125e-02,2.816202e-02,4.084336e-03,1.723392e-03,
-1.000000,16384,OS2-i8-accu-15,1.153133e+02,5.085328e-02,1.518570e-02,2.966099e-02,4.332208e-03,1.758192e-03,
-1.000000,16384,OS2-i8-accu-16,1.052472e+02,5.571704e-02,1.762787e-02,3.146158e-02,4.609312e-03,1.862144e-03,
-1.000000,16384,OS2-i8-accu-17,9.979292e+01,5.876230e-02,1.864429e-02,3.320221e-02,4.883136e-03,1.946624e-03,
-1.000000,16384,OS2-i8-accu-18,9.445898e+01,6.208051e-02,1.947165e-02,3.532146e-02,5.172096e-03,2.026512e-03,
-1.000000,16384,OS2-i8-accu-19,9.010694e+01,6.507891e-02,2.024995e-02,3.724469e-02,5.464416e-03,2.102272e-03,
-1.000000,16384,OS2-i8-accu-20,8.597345e+01,6.820782e-02,2.094811e-02,3.920608e-02,5.753536e-03,2.159616e-03,
-1.000000,16384,OS2-f8-fast-9,7.205575e+01,8.138229e-02,1.790394e-02,5.548102e-02,6.647456e-03,1.457120e-03,
-1.000000,16384,OS2-f8-fast-10,6.425432e+01,9.126331e-02,2.081626e-02,6.179213e-02,7.386432e-03,1.520624e-03,
-1.000000,16384,OS2-f8-fast-11,5.860837e+01,1.000550e-01,2.392853e-02,6.686187e-02,8.132128e-03,1.713136e-03,
-1.000000,16384,OS2-f8-fast-12,5.293157e+01,1.107857e-01,2.738670e-02,7.337102e-02,8.876624e-03,1.770496e-03,
-1.000000,16384,OS2-f8-fast-13,4.562344e+01,1.285318e-01,3.914016e-02,7.814976e-02,9.615872e-03,1.836032e-03,
-1.000000,16384,OS2-f8-fast-14,4.185915e+01,1.400903e-01,4.310704e-02,8.477195e-02,1.033949e-02,1.893344e-03,
-1.000000,16384,OS2-f8-fast-15,3.906836e+01,1.500975e-01,4.557467e-02,9.137578e-02,1.107136e-02,1.958880e-03,
-1.000000,16384,OS2-f8-fast-16,3.621817e+01,1.619094e-01,4.999290e-02,9.787299e-02,1.182314e-02,2.046944e-03,
-1.000000,16384,OS2-f8-fast-17,3.409494e+01,1.719921e-01,5.369379e-02,1.037933e-01,1.260322e-02,2.106368e-03,
-1.000000,16384,OS2-f8-fast-18,3.217841e+01,1.822359e-01,5.650315e-02,1.102268e-01,1.335291e-02,2.200576e-03,
-1.000000,16384,OS2-f8-fast-19,3.031946e+01,1.934092e-01,6.096138e-02,1.165932e-01,1.407139e-02,2.282496e-03,
-1.000000,16384,OS2-f8-fast-20,2.876711e+01,2.038461e-01,6.349722e-02,1.231128e-01,1.479946e-02,2.360320e-03,
-1.000000,16384,OS2-f8-accu-9,6.840223e+01,8.572910e-02,2.235363e-02,5.553750e-02,6.646384e-03,1.460176e-03,
-1.000000,16384,OS2-f8-accu-10,6.146131e+01,9.541062e-02,2.515192e-02,6.151032e-02,7.385728e-03,1.527744e-03,
-1.000000,16384,OS2-f8-accu-11,5.604195e+01,1.046370e-01,2.761176e-02,6.743638e-02,8.134096e-03,1.711072e-03,
-1.000000,16384,OS2-f8-accu-12,5.145036e+01,1.139751e-01,3.025125e-02,7.346165e-02,8.876944e-03,1.780480e-03,
-1.000000,16384,OS2-f8-accu-13,4.650763e+01,1.260882e-01,3.567845e-02,7.872536e-02,9.616224e-03,1.847760e-03,
-1.000000,16384,OS2-f8-accu-14,4.351005e+01,1.347749e-01,3.773184e-02,8.504522e-02,1.034109e-02,1.907680e-03,
-1.000000,16384,OS2-f8-accu-15,4.080063e+01,1.437248e-01,4.045227e-02,9.086238e-02,1.106846e-02,1.958336e-03,
-1.000000,16384,OS2-f8-accu-16,3.819062e+01,1.535472e-01,4.275424e-02,9.699366e-02,1.182070e-02,2.046944e-03,
-1.000000,16384,OS2-f8-accu-17,3.590629e+01,1.633157e-01,4.472173e-02,1.034898e-01,1.260195e-02,2.106368e-03,
-1.000000,16384,OS2-f8-accu-18,3.393672e+01,1.727940e-01,4.694382e-02,1.100398e-01,1.335192e-02,2.204640e-03,
-1.000000,16384,OS2-f8-accu-19,3.211954e+01,1.825699e-01,4.921562e-02,1.168322e-01,1.407198e-02,2.282496e-03,
-1.000000,16384,OS2-f8-accu-20,3.043379e+01,1.926826e-01,5.182055e-02,1.234969e-01,1.480096e-02,2.360320e-03,
-1.000000,16384,OS1-6,2.534406e+01,2.313782e-01,,,,,
-1.000000,16384,OS1-7,1.902795e+01,3.081815e-01,,,,,
-1.000000,16384,OS1-8,1.478199e+01,3.967032e-01,,,,,
-1.000000,16384,OS1-9,1.186303e+01,4.943140e-01,,,,,
-1.000000,16384,ZTRTRMM (GEMM),6.601947e+00,8.882322e-01,,,,,
-1.000000,32768,OS2-i8-fast-9,2.773854e+02,1.691239e-01,3.182832e-02,1.192866e-01,1.174397e-02,6.462496e-03,
-1.000000,32768,OS2-i8-fast-10,2.501647e+02,1.875264e-01,3.416288e-02,1.336497e-01,1.320403e-02,6.877696e-03,
-1.000000,32768,OS2-i8-fast-11,2.279782e+02,2.057763e-01,3.699005e-02,1.473138e-01,1.452912e-02,7.334912e-03,
-1.000000,32768,OS2-i8-fast-12,2.088579e+02,2.246144e-01,3.931352e-02,1.614232e-01,1.599563e-02,7.789056e-03,
-1.000000,32768,OS2-i8-fast-13,1.929067e+02,2.431874e-01,4.193314e-02,1.756585e-01,1.727944e-02,7.987680e-03,
-1.000000,32768,OS2-i8-fast-14,1.792813e+02,2.616697e-01,4.447109e-02,1.895594e-01,1.865622e-02,8.312800e-03,
-1.000000,32768,OS2-i8-fast-15,1.673905e+02,2.802578e-01,4.776797e-02,2.033113e-01,2.007968e-02,8.595456e-03,
-1.000000,32768,OS2-i8-accu-9,2.464281e+02,1.903699e-01,5.200506e-02,1.195392e-01,1.178072e-02,6.440448e-03,
-1.000000,32768,OS2-i8-accu-10,2.252822e+02,2.082388e-01,5.444038e-02,1.336297e-01,1.318557e-02,6.871552e-03,
-1.000000,32768,OS2-i8-accu-11,2.063252e+02,2.273716e-01,5.778163e-02,1.474942e-01,1.456518e-02,7.408640e-03,
-1.000000,32768,OS2-i8-accu-12,1.913604e+02,2.451526e-01,6.018146e-02,1.615635e-01,1.594030e-02,7.627792e-03,
-1.000000,32768,OS2-i8-accu-13,1.782753e+02,2.631463e-01,6.294594e-02,1.752453e-01,1.721531e-02,7.963648e-03,
-1.000000,32768,OS2-i8-accu-14,1.667950e+02,2.812584e-01,6.579520e-02,1.890743e-01,1.860646e-02,8.318976e-03,
-1.000000,32768,OS2-i8-accu-15,1.567004e+02,2.993769e-01,6.731718e-02,2.033401e-01,2.004778e-02,8.566784e-03,
-1.000000,32768,OS1-6,2.504368e+01,1.873227e+00,,,,,
-1.000000,32768,OS1-7,1.866269e+01,2.513705e+00,,,,,
-1.000000,32768,OS1-8,1.446394e+01,3.243411e+00,,,,,
-1.000000,32768,OS1-9,1.160790e+01,4.041428e+00,,,,,
-1.000000,32768,ZTRTRMM (GEMM),6.639424e+00,7.065748e+00,,,,,
